c_lat
Out[8]: 
0         34.50
1         33.02
2         35.35
3          0.00
4         40.76
5         42.83
6         38.84
7         60.20
8         19.60
9         45.65
10        35.35
11        32.67
12        18.02
13        18.25
14        48.11
15        18.47
16        47.83
17        47.64
18         0.00
19        34.44
20        34.95
21        61.42
22        60.79
23        34.20
24        59.25
25        36.45
26        34.75
27        54.00
28        52.11
29        53.77
 
156985    35.78
156986    35.30
156987    35.67
156988    39.30
156989    39.30
156990    39.30
156991    39.30
156992    35.67
156993    35.67
156994    19.42
156995    40.25
156996    47.18
156997    47.81
156998    47.18
156999    47.96
157000    47.79
157001    35.67
157002    35.67
157003    46.59
157004    19.42
157005    40.58
157006    40.32
157007    19.60
157008    33.00
157009    33.00
157010    34.64
157011    34.74
157012    40.67
157013    40.77
157014    40.67
Name: CITY_LAT, Length: 157015, dtype: float64


c_lon
Out[10]: 
0        -119.00
1        -116.84
2        -120.41
3           0.00
4        -124.22
5        -106.32
6        -106.13
7        -144.50
8        -155.44
9        -122.67
10       -120.41
11       -114.65
12        -66.26
13        -66.13
14       -122.76
15        -66.72
16       -120.05
17       -120.07
18          0.00
19       -120.24
20       -120.44
21       -160.62
22       -161.75
23       -119.18
24       -159.41
25       -117.98
26       -120.06
27       -167.00
28       -174.50
29       -166.98
 
156985   -117.92
156986   -118.03
156987   -118.30
156988   -119.90
156989   -119.90
156990   -119.90
156991   -119.90
156992   -118.30
156993   -118.30
156994   -155.28
156995   -124.16
156996   -113.48
156997   -114.60
156998   -113.37
156999   -114.63
157000   -114.63
157001   -118.30
157002   -118.30
157003   -112.04
157004   -155.28
157005   -124.26
157006   -124.28
157007   -155.44
157008   -115.50
157009   -115.50
157010   -120.46
157011   -120.27
157012   -111.83
157013   -111.89
157014   -111.89
Name: CITY_LON, Length: 157015, dtype: float64
