      MONTH
YEAR       
1638      8
1643      1
1658      1
1661      2
1663      2
1727      1
1732      4
1737      5
1741      3
1744      4
1755     11
1758      2
1769      1
1774      4
1775      1
1776      0
1783      6
1785      2
1786      0
1788      3
1790      0
1791      4
1792      1
1793      1
1794      2
1795      4
1796      1
1800      5
1802      0
1803      1
    ...
1956   2395
1957   2684
1958   2308
1959   5217
1960   2464
1961   2914
1962   3287
1963   2888
1964   2069
1965   3148
1966   3118
1967   2806
1968   3222
1969   3047
1970   1578
1971   2455
1972   2266
1973   3225
1974   3034
1975   2864
1976   3158
1977   1722
1978   2472
1979   3501
1980   5031
1981   3277
1982   4206
1983   6946
1984   3854
1985   2608

[194 rows x 1 columns]
--------------------------------------

Total number of Earthquake = 
 MONTH    156999
dtype: int64
