
lat
Out[14]: 
0         34.50
1         34.50
2         34.50
3         34.50
4         41.00
5         42.90
6         38.80
7         60.50
8          0.00
9         45.60
10        35.00
11         0.00
12         0.00
13         0.00
14        48.00
15         0.00
16         0.00
17         0.00
18         0.00
19         0.00
20         0.00
21        61.00
22        61.00
23         0.00
24        59.00
25         0.00
26        34.50
27         0.00
28         0.00
29        54.00
 
156985    35.82
156986    35.82
156987    35.82
156988     0.00
156989     0.00
156990     0.00
156991     0.00
156992     0.00
156993    35.70
156994     0.00
156995     0.00
156996    47.20
156997    47.20
156998    47.20
156999    47.20
157000    47.20
157001    35.72
157002    35.72
157003     0.00
157004     0.00
157005     0.00
157006     0.00
157007     0.00
157008    33.00
157009     0.00
157010    35.00
157011    35.00
157012     0.00
157013     0.00
157014     0.00
Name: LATITUDE, Length: 157015, dtype: float64

lon
Out[16]: 
0        -119.00
1        -119.00
2        -119.00
3        -119.00
4        -124.00
5        -106.30
6        -106.20
7        -144.00
8           0.00
9        -122.70
10       -121.00
11          0.00
12          0.00
13          0.00
14       -123.00
15          0.00
16          0.00
17          0.00
18          0.00
19          0.00
20          0.00
21       -162.00
22       -162.00
23          0.00
24       -154.00
25          0.00
26       -119.50
27          0.00
28          0.00
29       -167.00
 
156985   -117.68
156986   -117.68
156987   -117.68
156988      0.00
156989      0.00
156990      0.00
156991      0.00
156992      0.00
156993   -118.00
156994      0.00
156995      0.00
156996   -113.50
156997   -113.50
156998   -113.50
156999   -113.50
157000   -113.50
157001   -118.08
157002   -118.08
157003      0.00
157004      0.00
157005      0.00
157006      0.00
157007      0.00
157008   -115.51
157009      0.00
157010   -121.00
157011   -121.00
157012      0.00
157013      0.00
157014      0.00
Name: LONGITUDE, Length: 157015, dtype: float64

